BubbleSort:
(1000, 0.002040) 
(2000, 0.007384) 
(3000, 0.017181) 
(4000, 0.031054) 
(5000, 0.048782) 
(6000, 0.072557) 
(7000, 0.102814) 
(8000, 0.132394) 
(9000, 0.170267) 
(10000, 0.219286) 
(11000, 0.262815) 
(12000, 0.324347) 
(13000, 0.372465) 
(14000, 0.444659) 
(15000, 0.512831) 
(16000, 0.570892) 
(17000, 0.666654) 
(18000, 0.726469) 
(19000, 0.809389) 
(20000, 0.912441) 
(21000, 0.999101) 
(22000, 1.092074) 
(23000, 1.229749) 
(24000, 1.324578) 
(25000, 1.415479) 
(26000, 1.525431) 
(27000, 1.633865) 
(28000, 1.742149) 
(29000, 1.914874) 
(30000, 2.027447) 
(40000, 3.409337) 
(50000, 5.361906) 
(60000, 7.874691) 
(70000, 11.222840) 
(80000, 14.947287) 
(90000, 18.954382) 
(100000, 24.886178) 
(200000, 100.748693) 

MergeSort:
(1000, 0.000081) 
(2000, 0.000221) 
(3000, 0.000291) 
(4000, 0.000429) 
(5000, 0.000595) 
(6000, 0.000678) 
(7000, 0.000731) 
(8000, 0.000803) 
(9000, 0.000956) 
(10000, 0.001065) 
(11000, 0.001173) 
(12000, 0.001329) 
(13000, 0.001357) 
(14000, 0.001485) 
(15000, 0.001613) 
(16000, 0.001732) 
(17000, 0.001892) 
(18000, 0.002121) 
(19000, 0.002108) 
(20000, 0.002090) 
(21000, 0.002300) 
(22000, 0.002450) 
(23000, 0.002491) 
(24000, 0.002644) 
(25000, 0.002816) 
(26000, 0.003232) 
(27000, 0.003116) 
(28000, 0.003145) 
(29000, 0.003399) 
(30000, 0.003627) 
(40000, 0.004446) 
(50000, 0.005721) 
(60000, 0.006665) 
(70000, 0.008147) 
(80000, 0.009572) 
(90000, 0.010834) 
(100000, 0.012576) 
(200000, 0.026915) 
(300000, 0.045346) 
(400000, 0.060022) 
(500000, 0.073597) 
(600000, 0.091318) 
(700000, 0.105117) 
(800000, 0.120365) 
(900000, 0.140827) 
(1000000, 0.151722)


1000     0.002040
2000     0.007384
3000     0.017181
4000     0.031054
5000     0.048782
6000     0.072557
7000     0.102814
8000     0.132394
9000     0.170267
10000    0.219286
11000    0.262815
12000    0.324347
13000    0.372465
14000    0.444659
15000    0.512831
16000    0.570892
17000    0.666654
18000    0.726469
19000    0.809389
20000    0.912441
21000    0.999101
22000    1.092074
23000    1.229749
24000    1.324578
25000    1.415479
26000    1.525431
27000    1.633865
28000    1.742149
29000    1.914874
30000    2.027447
40000    3.409337
50000    5.361906
60000    7.874691
70000    11.222840
80000    14.947287
90000    18.954382
100000   24.886178
200000   100.748693


MergeSort:
1000        0.000081
2000        0.000221
3000        0.000291
4000        0.000429
5000        0.000595
6000        0.000678
7000        0.000731
8000        0.000803
9000        0.000956
10000       0.001065
11000       0.001173
12000       0.001329
13000       0.001357
14000       0.001485
15000       0.001613
16000       0.001732
17000       0.001892
18000       0.002121
19000       0.002108
20000       0.002090
21000       0.002300
22000       0.002450
23000       0.002491
24000       0.002644
25000       0.002816
26000       0.003232
27000       0.003116
28000       0.003145
29000       0.003399
30000       0.003627
40000       0.004446
50000       0.005721
60000       0.006665
70000       0.008147
80000       0.009572
90000       0.010834
100000      0.012576
200000      0.026915
300000      0.045346
400000      0.060022
500000      0.073597
600000      0.091318
700000      0.105117
800000      0.120365
900000      0.140827
1000000     0.15172
